                                        24

如果是10个分子呢？
                     分子数
                             微状态数
                  左     右
                   0    10        1
                   1     9       10
                   2     8       45
均匀分布或接近均匀分        3     7      120
布的几率却占了672/1024    4     6      210
而10个分子同时回到一       5     5      252
                   6     4      210
边的几率只有1/1024
                   7     3      120
                   8     2       45
                   9     1       10
                  10     0        1
                  总微观态数      210=1024
